-0.000913031 0.00380011
0.00405545 -0.00242857
-0.00441703 -0.00171836
-0.0017822 -0.00028203
0.00125336 -0.00572528
0.00299294 -0.00548288
0.00430805 -0.00184633
0.00306109 0.00327989
0.00567474 0.00144683
0.00196933 0.00249003
-0.00259772 -0.00304122
-0.00360907 0.00215442
-0.00390119 0.00122008
0.00137547 -0.00185636
-0.00329377 -0.00218874
0.00266622 0.00382977
0.00211365 0.00729828
0.0028711 0.00194849
0.000629058 0.00370393
0.00176366 0.000933735
0.00119261 0.00241526
-0.00237375 0.00613695
0.00577752 0.0021896
-0.00257542 -0.00150701
-0.00144145 -0.00223979
0.00270796 0.00219088
-0.00364874 0.000149827
-0.00314807 -0.000233943
-0.00452204 0.00172104
-0.00163713 0.00153446
0.00104136 -0.00587165
-0.00352505 -0.000666276
-0.000109676 -0.00357602
-0.00206929 -0.00151886
8.81802e-05 -0.000331982
0.00294573 -6.94301e-05
-0.00310822 -0.00235153
0.00147733 -0.000906711
-0.00438049 -0.00235136
-0.00299801 -0.00112738
0.000870528 -0.00152669
-0.00426293 0.00387961
-0.00180154 0.00375046
0.00281281 0.00265274
-0.00256344 -0.00315356
0.00193797 -0.00179056
-0.00271272 0.00185904
-0.000586087 -0.0041582
0.00544345 0.000971085
0.00119529 0.00113105
-0.00221908 -0.00234169
0.000624726 0.0012533
-0.00126895 0.00467311
0.00415747 0.00177697
-0.0020612 -0.00339331
-0.00334062 -0.000321048
0.00187875 -0.00217624
-0.00043651 -0.000244067
0.00168902 -0.00266725
0.000104395 0.00376138
-0.000996729 -0.00414706
0.00261511 -0.000230688
-0.00547227 0.0035328
0.00371258 -0.000233789
0.00676651 -0.00397929